For router 0

0  1  2007  8  2008  
0  9  2027  -1  -1  
0  -1  -1  9  2041  
0  8  2054  -1  -1  
For router 1

1  2  2006  0  2007  
For router 2

2  -1  -1  1  2006  
2  -1  -1  8  2010  
2  3  2036  8  2037  
For router 3

3  4  2035  2  2036  
For router 4

4  5  2005  -1  -1  
4  -1  -1  3  2035  
For router 5

5  6  2004  4  2005  
For router 6

6  7  2003  5  2004  
6  7  2022  -1  -1  
For router 7

7  13  2002  6  2003  
7  13  2016  -1  -1  
7  14  2021  6  2022  
7  8  2038  -1  -1  
7  -1  -1  14  2043  
7  -1  -1  14  2060  
For router 8

8  0  2008  11  2009  
8  2  2010  12  2011  
8  2  2037  7  2038  
8  14  2053  0  2054  
8  -1  -1  9  2078  
For router 9

9  -1  -1  0  2027  
9  0  2041  10  2042  
9  -1  -1  10  2048  
9  -1  -1  12  2056  
9  10  2067  -1  -1  
9  8  2078  -1  -1  
For router 10

10  11  2031  15  2032  
10  9  2042  -1  -1  
10  9  2048  15  2049  
10  15  2066  9  2067  
10  11  2081  -1  -1  
For router 11

11  8  2009  -1  -1  
11  -1  -1  17  2024  
11  -1  -1  17  2030  
11  -1  -1  10  2031  
11  -1  -1  12  2076  
11  17  2080  10  2081  
For router 12

12  8  2011  13  2012  
12  -1  -1  13  2015  
12  17  2029  -1  -1  
12  -1  -1  17  2044  
12  -1  -1  17  2046  
12  13  2050  17  2051  
12  9  2056  14  2057  
12  11  2076  14  2077  
For router 13

13  19  2001  7  2002  
13  12  2012  19  2013  
13  12  2015  7  2016  
13  14  2019  19  2020  
13  -1  -1  12  2050  
13  14  2063  19  2064  
13  14  2073  19  2074  
For router 14

14  -1  -1  17  2017  
14  -1  -1  13  2019  
14  -1  -1  7  2021  
14  7  2043  -1  -1  
14  -1  -1  8  2053  
14  12  2057  -1  -1  
14  7  2060  18  2061  
14  -1  -1  13  2063  
14  -1  -1  13  2073  
14  12  2077  -1  -1  
For router 15

15  17  2023  -1  -1  
15  10  2032  -1  -1  
15  -1  -1  18  2039  
15  17  2047  -1  -1  
15  10  2049  -1  -1  
15  17  2052  -1  -1  
15  18  2059  -1  -1  
15  18  2065  10  2066  
15  18  2072  -1  -1  
For router 16

16  17  2018  -1  -1  
For router 17

17  14  2017  16  2018  
17  -1  -1  15  2023  
17  11  2024  18  2025  
17  22  2028  12  2029  
17  11  2030  -1  -1  
17  18  2034  -1  -1  
17  12  2044  22  2045  
17  12  2046  15  2047  
17  12  2051  15  2052  
17  18  2079  11  2080  
For router 18

18  17  2025  21  2026  
18  21  2033  17  2034  
18  15  2039  21  2040  
18  23  2055  -1  -1  
18  20  2058  15  2059  
18  14  2061  22  2062  
18  -1  -1  15  2065  
18  20  2068  22  2069  
18  -1  -1  20  2070  
18  21  2071  15  2072  
18  -1  -1  17  2079  
18  21  2082  -1  -1  
For router 19

19  -1  -1  13  2001  
19  13  2013  20  2014  
19  13  2020  -1  -1  
19  13  2064  -1  -1  
19  13  2074  20  2075  
For router 20

20  19  2014  -1  -1  
20  -1  -1  18  2058  
20  -1  -1  18  2068  
20  18  2070  -1  -1  
20  19  2075  -1  -1  
For router 21

21  18  2026  -1  -1  
21  -1  -1  18  2033  
21  18  2040  -1  -1  
21  -1  -1  18  2071  
21  -1  -1  18  2082  
For router 22

22  -1  -1  17  2028  
22  17  2045  -1  -1  
22  18  2062  -1  -1  
22  18  2069  -1  -1  
For router 23

23  -1  -1  18  2055  
