For router 0

0  1  2007  8  2008  
0  9  2027  -1  -1  
0  -1  -1  9  2053  
0  8  2066  -1  -1  
0  -1  -1  9  2077  
For router 1

1  2  2006  0  2007  
For router 2

2  -1  -1  1  2006  
2  -1  -1  8  2010  
2  3  2039  8  2040  
For router 3

3  4  2038  2  2039  
3  4  2052  -1  -1  
For router 4

4  5  2005  -1  -1  
4  -1  -1  3  2038  
4  5  2051  3  2052  
For router 5

5  6  2004  4  2005  
5  6  2050  4  2051  
For router 6

6  7  2003  5  2004  
6  7  2022  -1  -1  
6  7  2049  5  2050  
For router 7

7  13  2002  6  2003  
7  13  2016  -1  -1  
7  14  2021  6  2022  
7  8  2041  -1  -1  
7  14  2046  -1  -1  
7  8  2048  6  2049  
7  -1  -1  14  2055  
For router 8

8  0  2008  11  2009  
8  2  2010  12  2011  
8  2  2040  7  2041  
8  9  2047  7  2048  
8  14  2065  0  2066  
8  -1  -1  9  2090  
For router 9

9  -1  -1  0  2027  
9  -1  -1  8  2047  
9  0  2053  10  2054  
9  -1  -1  10  2060  
9  -1  -1  12  2068  
9  12  2076  -1  -1  
9  0  2077  10  2078  
9  8  2090  -1  -1  
For router 10

10  11  2031  15  2032  
10  9  2054  -1  -1  
10  9  2060  15  2061  
10  9  2078  15  2079  
10  11  2093  -1  -1  
For router 11

11  8  2009  -1  -1  
11  -1  -1  17  2024  
11  -1  -1  17  2030  
11  -1  -1  10  2031  
11  -1  -1  17  2044  
11  -1  -1  12  2088  
11  17  2092  10  2093  
For router 12

12  8  2011  13  2012  
12  -1  -1  13  2015  
12  17  2029  -1  -1  
12  -1  -1  17  2056  
12  -1  -1  17  2058  
12  13  2062  17  2063  
12  9  2068  14  2069  
12  17  2075  9  2076  
12  11  2088  14  2089  
For router 13

13  19  2001  7  2002  
13  12  2012  19  2013  
13  12  2015  7  2016  
13  14  2019  19  2020  
13  -1  -1  12  2062  
13  14  2072  19  2073  
13  14  2085  19  2086  
For router 14

14  -1  -1  17  2017  
14  -1  -1  13  2019  
14  -1  -1  7  2021  
14  18  2035  -1  -1  
14  17  2045  7  2046  
14  7  2055  -1  -1  
14  -1  -1  8  2065  
14  12  2069  -1  -1  
14  -1  -1  13  2072  
14  -1  -1  13  2085  
14  12  2089  -1  -1  
For router 15

15  17  2023  -1  -1  
15  10  2032  -1  -1  
15  -1  -1  18  2042  
15  17  2059  -1  -1  
15  10  2061  -1  -1  
15  17  2064  -1  -1  
15  18  2071  -1  -1  
15  10  2079  -1  -1  
15  18  2084  -1  -1  
For router 16

16  17  2018  -1  -1  
16  -1  -1  23  2033  
For router 17

17  14  2017  16  2018  
17  -1  -1  15  2023  
17  11  2024  18  2025  
17  22  2028  12  2029  
17  11  2030  -1  -1  
17  18  2037  -1  -1  
17  11  2044  14  2045  
17  12  2056  22  2057  
17  12  2058  15  2059  
17  12  2063  15  2064  
17  18  2074  12  2075  
17  18  2091  11  2092  
For router 18

18  17  2025  21  2026  
18  23  2034  14  2035  
18  21  2036  17  2037  
18  15  2042  21  2043  
18  23  2067  -1  -1  
18  20  2070  15  2071  
18  -1  -1  17  2074  
18  20  2080  22  2081  
18  -1  -1  20  2082  
18  21  2083  15  2084  
18  -1  -1  17  2091  
18  21  2094  -1  -1  
For router 19

19  -1  -1  13  2001  
19  13  2013  20  2014  
19  13  2020  -1  -1  
19  13  2073  -1  -1  
19  13  2086  20  2087  
For router 20

20  19  2014  -1  -1  
20  -1  -1  18  2070  
20  -1  -1  18  2080  
20  18  2082  -1  -1  
20  19  2087  -1  -1  
For router 21

21  18  2026  -1  -1  
21  -1  -1  18  2036  
21  18  2043  -1  -1  
21  -1  -1  18  2083  
21  -1  -1  18  2094  
For router 22

22  -1  -1  17  2028  
22  17  2057  -1  -1  
22  18  2081  -1  -1  
For router 23

23  16  2033  18  2034  
23  -1  -1  18  2067  
