For router 0

0  1  2022  -1  -1  
0  -1  -1  1  2023  
0  1  2051  -1  -1  
0  -1  -1  3  2052  
0  1  2054  3  2055  
0  2  2059  -1  -1  
0  -1  -1  2  2061  
0  2  2076  3  2077  
0  -1  -1  2  2083  
For router 1

1  2  2009  7  2010  
1  7  2021  0  2022  
1  0  2023  7  2024  
1  7  2041  2  2042  
1  -1  -1  7  2046  
1  2  2049  -1  -1  
1  -1  -1  0  2051  
1  -1  -1  0  2054  
1  -1  -1  2  2070  
1  2  2084  -1  -1  
For router 2

2  5  2008  -1  -1  
2  -1  -1  1  2009  
2  -1  -1  5  2026  
2  1  2042  -1  -1  
2  -1  -1  1  2049  
2  -1  -1  0  2059  
2  0  2061  5  2062  
2  1  2070  5  2071  
2  -1  -1  0  2076  
2  0  2083  1  2084  
For router 3

3  -1  -1  8  2015  
3  4  2018  -1  -1  
3  0  2052  4  2053  
3  0  2055  4  2056  
3  -1  -1  4  2057  
3  -1  -1  4  2060  
3  4  2066  8  2067  
3  4  2075  -1  -1  
3  0  2077  4  2078  
For router 4

4  6  2004  -1  -1  
4  -1  -1  5  2005  
4  6  2006  5  2007  
4  6  2017  3  2018  
4  6  2045  -1  -1  
4  3  2053  -1  -1  
4  3  2056  -1  -1  
4  3  2057  6  2058  
4  3  2060  -1  -1  
4  6  2065  3  2066  
4  6  2074  3  2075  
4  3  2078  -1  -1  
For router 5

5  12  2002  -1  -1  
5  4  2005  -1  -1  
5  4  2007  2  2008  
5  10  2020  -1  -1  
5  2  2026  12  2027  
5  10  2036  -1  -1  
5  -1  -1  10  2050  
5  2  2062  12  2063  
5  2  2071  12  2072  
For router 6

6  7  2003  4  2004  
6  -1  -1  4  2006  
6  -1  -1  4  2017  
6  7  2025  -1  -1  
6  -1  -1  7  2031  
6  -1  -1  7  2040  
6  -1  -1  4  2045  
6  7  2047  -1  -1  
6  4  2058  -1  -1  
6  -1  -1  4  2065  
6  7  2073  4  2074  
For router 7

7  -1  -1  6  2003  
7  1  2010  9  2011  
7  -1  -1  1  2021  
7  1  2024  6  2025  
7  6  2031  9  2032  
7  6  2040  1  2041  
7  1  2046  6  2047  
7  -1  -1  6  2073  
For router 8

8  -1  -1  13  2013  
8  3  2015  13  2016  
8  13  2029  11  2030  
8  -1  -1  11  2037  
8  3  2067  11  2068  
8  11  2081  -1  -1  
8  11  2086  -1  -1  
For router 9

9  7  2011  10  2012  
9  -1  -1  10  2019  
9  7  2032  11  2033  
9  11  2034  10  2035  
9  -1  -1  10  2048  
9  -1  -1  10  2069  
9  -1  -1  11  2085  
For router 10

10  9  2012  -1  -1  
10  9  2019  5  2020  
10  9  2035  5  2036  
10  9  2048  -1  -1  
10  5  2050  -1  -1  
10  9  2069  -1  -1  
For router 11

11  8  2030  -1  -1  
11  9  2033  -1  -1  
11  -1  -1  9  2034  
11  8  2037  12  2038  
11  12  2044  -1  -1  
11  8  2068  -1  -1  
11  12  2080  -1  -1  
11  -1  -1  8  2081  
11  12  2082  -1  -1  
11  9  2085  8  2086  
For router 12

12  13  2001  5  2002  
12  13  2014  -1  -1  
12  5  2027  13  2028  
12  11  2038  13  2039  
12  13  2043  11  2044  
12  5  2063  13  2064  
12  5  2072  -1  -1  
12  13  2079  11  2080  
12  -1  -1  11  2082  
For router 13

13  -1  -1  12  2001  
13  8  2013  12  2014  
13  8  2016  -1  -1  
13  12  2028  8  2029  
13  12  2039  -1  -1  
13  -1  -1  12  2043  
13  12  2064  -1  -1  
13  -1  -1  12  2079  
