
For router 0

1  2025  -1  -1  
-1  -1  1  2026  
1  2057  -1  -1  
-1  -1  3  2058  
1  2060  3  2061  
2  2065  -1  -1  
1  2070  -1  -1  
-1  -1  2  2072  
2  2083  3  2084  
-1  -1  2  2093  
-1  -1  3  2097  

For router 1

2  2009  7  2010  
2  2019  7  2020  
7  2024  0  2025  
0  2026  7  2027  
7  2041  2  2042  
-1  -1  7  2049  
2  2055  -1  -1  
-1  -1  0  2057  
-1  -1  0  2060  
2  2067  -1  -1  
7  2069  0  2070  
-1  -1  2  2077  
2  2094  -1  -1  

For router 2

5  2008  -1  -1  
-1  -1  1  2009  
-1  -1  1  2019  
-1  -1  5  2029  
1  2042  -1  -1  
-1  -1  1  2055  
-1  -1  0  2065  
5  2066  1  2067  
0  2072  5  2073  
1  2077  5  2078  
-1  -1  0  2083  
0  2093  1  2094  

For router 3

-1  -1  8  2015  
4  2018  -1  -1  
4  2052  8  2053  
0  2058  4  2059  
0  2061  4  2062  
-1  -1  4  2063  
-1  -1  4  2071  
4  2082  -1  -1  
0  2084  4  2085  
0  2097  4  2098  

For router 4

6  2004  -1  -1  
-1  -1  5  2005  
6  2006  5  2007  
6  2017  3  2018  
-1  -1  5  2045  
6  2048  -1  -1  
-1  -1  3  2052  
3  2059  -1  -1  
3  2062  -1  -1  
3  2063  6  2064  
3  2071  -1  -1  
6  2081  3  2082  
3  2085  -1  -1  
-1  -1  6  2091  
3  2098  -1  -1  

For router 5

12  2002  -1  -1  
4  2005  -1  -1  
4  2007  2  2008  
10  2023  -1  -1  
2  2029  12  2030  
10  2036  -1  -1  
4  2045  12  2046  
-1  -1  10  2056  
-1  -1  2  2066  
2  2073  12  2074  
2  2078  12  2079  

For router 6

7  2003  4  2004  
-1  -1  4  2006  
-1  -1  4  2017  
7  2028  -1  -1  
-1  -1  7  2040  
-1  -1  4  2048  
7  2050  -1  -1  
4  2064  -1  -1  
-1  -1  7  2068  
7  2080  4  2081  
4  2091  -1  -1  

For router 7

-1  -1  6  2003  
1  2010  9  2011  
1  2020  9  2021  
-1  -1  1  2024  
1  2027  6  2028  
6  2040  1  2041  
1  2049  6  2050  
6  2068  1  2069  
-1  -1  6  2080  

For router 8

-1  -1  13  2013  
3  2015  13  2016  
13  2032  11  2033  
-1  -1  11  2037  
3  2053  13  2054  
11  2090  -1  -1  
11  2096  -1  -1  

For router 9

7  2011  10  2012  
7  2021  -1  -1  
-1  -1  10  2022  
11  2034  10  2035  
-1  -1  10  2051  
-1  -1  10  2076  
10  2086  11  2087  
-1  -1  11  2095  

For router 10

9  2012  -1  -1  
9  2022  5  2023  
9  2035  5  2036  
9  2051  -1  -1  
5  2056  -1  -1  
9  2076  -1  -1  
-1  -1  9  2086  

For router 11

8  2033  -1  -1  
-1  -1  9  2034  
8  2037  12  2038  
12  2044  -1  -1  
9  2087  -1  -1  
12  2089  -1  -1  
-1  -1  8  2090  
12  2092  -1  -1  
9  2095  8  2096  

For router 12

13  2001  5  2002  
13  2014  -1  -1  
5  2030  13  2031  
11  2038  13  2039  
13  2043  11  2044  
5  2046  13  2047  
5  2074  13  2075  
5  2079  -1  -1  
13  2088  11  2089  
-1  -1  11  2092  

For router 13

-1  -1  12  2001  
8  2013  12  2014  
8  2016  -1  -1  
12  2031  8  2032  
12  2039  -1  -1  
-1  -1  12  2043  
12  2047  -1  -1  
8  2054  -1  -1  
12  2075  -1  -1  
-1  -1  12  2088  
