     0     13     5    2001,2002,     9     
     1     7     4    2003,2004,     10     
     2     4     5    2005,     4     
     3     6     2    2006,2007,2008,     8     
     4     2     10    2009,2010,2011,2012,     8     
     5     8     12    2013,2014,     3     
     6     3     13    2015,2016,     11     
     7     6     3    2017,2018,     9     
     8     2     9    2019,2020,2021,     16     
     9     9     5    2022,2023,     15     
     10     7     0    2024,2025,     9     
     11     0     6    2026,2027,2028,     11     
     13     2     11    2029,2030,2031,2032,2033,     13     
     15     11     5    2034,2035,2036,     12     
     17     8     13    2037,2038,2039,     2     
     20     6     2    2040,2041,2042,     8     
     22     13     11    2043,2044,     3     
     23     4     13    2045,2046,2047,     13     
     24     6     4    2048,     3     
     26     1     6    2049,2050,     10     
     27     9     10    2051,     8     
     29     4     13    2052,2053,2054,     13     
     31     2     1    2055,     2     
     34     5     10    2056,     7     
     39     1     0    2057,     2     
     43     0     4    2058,2059,     8     
     44     1     4    2060,2061,2062,     7     
     45     3     6    2063,2064,     9     
     46     2     0    2065,     3     
     48     5     1    2066,2067,     3     
     49     6     0    2068,2069,2070,     11     
     50     3     4    2071,     6     
     53     0     13    2072,2073,2074,2075,     13     
     55     9     10    2076,     8     
     56     1     12    2077,2078,2079,     11     
     57     7     3    2080,2081,2082,     14     
     58     2     4    2083,2084,2085,     5     
     68     10     11    2086,2087,     15     
     74     13     11    2088,2089,     3     
     78     11     8    2090,     1     
     79     4     6    2091,     3     
     93     12     11    2092,     4     
     94     0     1    2093,2094,     2     
     97     9     8    2095,2096,     8     
     99     0     4    2097,2098,     8     
